30580
26206
460
5700
19984
22707
30935
190
4289
6838
29088
15684
5874
29314
11675
5905
16512
23843
7920
28055
771
16997
30587
13255
18003
23418
7511
30412
10853
13144
2151
17045
2121
24510
20990
17261
2800
1417
5630
5759
27575
6844
22113
13067
30021
12978
31557
15514
23624
22771
32155
31515
24208
15371
29709
514
2343
47
10402
2818
3931
398
2301
8172
31272
11905
19238
1360
18210
19750
24920
10754
28597
18380
4515
26828
25487
14038
31164
22316
27955
24526
2045
20202
5275
7361
11626
11251
28641
5763
3443
8389
29543
27114
15107
25548
24877
10603
10325
3778
27520
27599
23085
23689
2787
5917
3061
27027
30090
31371
24369
16779
14200
24411
11517
4630
21318
24198
3497
4727
5781
4467
10478
1901
24874
23693
4240
1396
20069
11792
7565
24863
1360
12834
23987
15842
27219
30313
27759
10070
6615
28420
18354
3281
20618
28516
29222
6389
19903
2177
5055
2537
15737
1141
871
951
31074
10349
31742
788
27558
13410
18901
9880
27586
14885
2025
17046
28121
10301
24090
12999
16029
20540
31424
29935
21476
30338
16460
17080
16366
20444
12369
31315
12926
28260
29687
28903
24285
26993
19779
15270
6693
7109
30720
3460
20133
27146
17827
10316
2355
11760
23100
2204
25019
6739
14862
8450
19560
17123
4496
272
16264
9126
28564
1089
8144
7987
28654
21557
6053
25297
9847
11134
261
5956
15152
18189
10394
22261
14044
18530
17138
4795
14063
5787
5499
6489
31496
23568
19051
32724
32537
7754
7093
6882
6646
4424
15964
7897
24430
22679
10028
26547
30245
1032
9887
16619
10175
20429
17354
17082
18005
2786
14254
20017
8177
16432
14884
1068
762
11809
12789
22012
10657
10482
